0.009
-0.005
-0.047
0.0045
-0.0085
-0.0065
0.008
-0.1555
0.068
0.092
-0.041
0.052
0.022
0.0105
-0.0155
-0.043
0.026
-0.0395
0.008
-0.0105
0.012
-0.178
0.007
0.018
-0.008
-0.0055
0.02
-0.012
-0.0105
0.009
0.3085
-0.0405
-0.016
0.007
-0.2125
0.0845
0.057
-0.017
-0.0075
0.012
0.138
-0.0045
0.1155
-0.0045
0.0755
0.088
0.014
-0.295
-0.0075
0.009
-0.0475
0.011
0.017
-0.079
0.018
-0.0565
0.0295
0.054
0.0345
0.092
0.0295
-0.019
-0.0145
-0.0045
-0.015
-0.0065
-0.009
0.1225
-0.0465
0.0465
0.0395
-0.031
0.008
0.0515
-0.0055
-0.017
0.0055
-0.176
-0.0085
0.409
0.3905
-0.0045
-0.0085
-0.033
-0.018
-0.4405
0.012
0.0125
-0.018
-0.006
-0.187
-0.009
0.011
-0.0605
-0.0125
-0.0285
0.0185
-0.009
