sample	reference	position	A	C	G	T	a	c	g	t	depth	nalleles	major	minor	maf	nt_bias	poisson	cycle_bias
DG132	MT	9507	1	4611	1	26357	5	3796	1	20416	55188	4	T	C	0.15233	0.05176	0.0	0.21989752348420152
DG133	MT	9507	0	12424	1	21377	2	9423	1	18120	61348	0	T	C	0.35612	0.07144	0.0	0.22641000269856976
DG161	MT	5492	0	320	2	24198	1	42	0	4899	29462	0	T	C	0.01229	0.37038	0.0	0.24369747899159663
DG179	MT	150	0	10294	0	3395	0	3928	0	1505	19122	2	C	T	0.25625	0.11318	0.0	0.3133191100274307
DG179	MT	1316	0	1787	0	12919	5	468	1	6397	21577	0	T	C	0.10450999999999999	0.51027	0.0	0.28922815945716707
DG179	MT	5054	597	0	27562	0	813	2	41336	0	70310	0	G	A	0.02005	0.09536	0.0	0.22538860103626943
DG180	MT	150	0	13935	0	237	0	5042	0	61	19275	2	C	T	0.01546	0.30849	5.6556850328320645e-18	0.2857142857142857
DG184	MT	15591	67	2	3012	6	563	0	23257	1	26908	0	G	A	0.02341	0.08007	0.0	0.21739130434782608
DG222	MT	16290	0	4191	0	7020	0	199	0	2325	13735	2	T	C	0.31961999999999996	0.92292	7.052746117902073e-82	0.23933649289099526
DG224	MT	6190	52	4	5687	4	42	0	2654	0	8443	0	G	A	0.01113	0.58487	3.1396723783207545e-30	0.20754716981132076
DG224	MT	10075	1	724	1	36471	3	912	0	39082	77194	0	T	C	0.02119	0.15751	0.0	0.2222222222222222
DG224	MT	12315	132	0	9667	1	377	0	34521	3	44701	3	G	A	0.01139	0.23427	0.0	0.25757575757575757
DG224	MT	12457	26	2	2123	6	8	0	629	2	2796	0	G	A	0.012159999999999999	0.03771	2.8465909167919813e-29	0.19230769230769232
DG224	MT	16182	10	27	0	0	413	2270	0	1	2721	0	C	A	0.15546	0.74808	1.6638549685141214e-157	0.16216216216216217
DG225	MT	16182	7	19	0	0	425	1848	0	0	2299	2	C	A	0.18791	0.43773	2.101962708145652e-187	0.14824797843665768
DG231	MT	4136	18627	1	5724	2	8875	0	775	2	34006	0	A	G	0.19111	0.80962	0.0	0.2060314918601548
DG232	MT	4136	21686	0	4259	2	10932	0	1899	1	38779	3	A	G	0.1588	0.10172	0.0	0.19964559952746605
DG243	MT	15431	387	2	20930	3	302	0	17369	1	38994	0	G	A	0.017669999999999998	0.06023	0.0	0.29838709677419356
DG249	MT	9941	38842	0	752	3	39437	0	863	0	79897	0	A	G	0.02021	0.1198	0.0	0.26136363636363635
DG33	MT	10873	0	3393	0	47	0	8294	2	123	11859	0	C	T	0.01434	0.06629	9.682940310540294e-81	0.21008403361344538
DG33	MT	14668	0	35	0	2214	0	19	0	2445	4713	2	T	C	0.01146	0.68526	1.9120996789068854e-105	0.23809523809523808
DG33	MT	14783	0	740	0	4	0	12541	1	139	13425	0	C	T	0.01065	0.52436	1.8218192191830035e-116	0.09090909090909091
DG33	MT	15301	4511	0	92	0	5635	0	102	1	10341	0	A	G	0.01876	0.11766	0.0	0.2727272727272727
DG33	MT	15326	6574	0	160	0	7235	0	147	1	14117	0	A	G	0.02175	0.17687	0.0	0.23255813953488372
DG34	MT	6802	20613	0	312	1	16024	0	217	0	37167	0	A	G	0.014230000000000001	0.10884	0.0	0.25161290322580643
DG76	MT	15786	0	448	1	33378	0	419	0	32015	66261	0	T	C	0.013080000000000001	0.02489	0.0	0.27682403433476394
